21.7745 -12.8575
21.7375 -12.8575
21.719 -12.8205
21.7005 -12.8205
21.682 -12.7835
21.6635 -12.765
21.645 -12.728
21.6265 -12.6725
21.608 -12.654
21.5895 -12.617
21.571 -12.58
21.571 -12.58
21.571 -12.58
21.571 -12.58
21.5525 -12.5615
21.5525 -12.543
21.5525 -12.543
21.534 -12.58
21.534 -12.617
21.534 -12.5985
21.534 -12.5985
21.5525 -12.5985
21.5525 -12.58
21.5525 -12.543
21.571 -12.506
21.5895 -12.469
21.5895 -12.469
21.5895 -12.469
21.5895 -12.432
21.5895 -12.395
21.5895 -12.358
21.5895 -12.3395
21.5895 -12.321
21.5895 -12.321
21.5895 -12.2655
21.5895 -12.247
21.5895 -12.21
21.571 -12.21
21.571 -12.2285
21.5895 -12.2285
21.5895 -12.247
21.5895 -12.2655
21.5895 -12.247
21.5895 -12.247
21.608 -12.247
21.608 -12.247
21.608 -12.21
21.608 -12.1915
21.6265 -12.1545
21.6265 -12.1545
21.645 -12.1545
21.6635 -12.136
21.6635 -12.136
21.682 -12.136
21.682 -12.099
21.7005 -12.099
21.7005 -12.062
21.7005 -12.062
21.719 -12.0435
21.719 -12.025
21.719 -12.0065
21.719 -11.988
21.719 -11.9695
21.719 -11.951
21.719 -11.951
21.719 -11.951
21.719 -11.9325
21.7005 -11.9325
21.7005 -11.9325
21.7005 -11.9325
21.7005 -11.9325
21.7005 -11.9325
21.7005 -11.9325
21.7005 -11.9325
21.7005 -11.9325
21.7005 -11.9695
21.7005 -11.988
21.7005 -11.9695
21.7005 -11.9695
21.7005 -11.9695
21.7005 -11.988
21.7005 -11.9695
21.682 -11.951
21.682 -11.9325
21.682 -11.9325
21.682 -11.914
21.682 -11.8955
21.682 -11.877
21.682 -11.8585
21.6635 -11.8215
21.6635 -11.8215
21.682 -11.803
21.682 -11.7845
21.682 -11.7845
21.682 -11.7845
21.682 -11.766
21.682 -11.766
21.682 -11.766
21.7005 -11.7475
21.7005 -11.7475
21.7005 -11.7475
21.7005 -11.729
21.7005 -11.7105
21.7005 -11.692
21.7005 -11.6735
21.7005 -11.655
21.7005 -11.6365
21.7005 -11.618
21.7005 -11.5995
21.7005 -11.581
21.7005 -11.5625
21.7005 -11.5255
21.719 -11.5255
21.719 -11.4885
21.719 -11.47
21.719 -11.433
21.719 -11.396
21.719 -11.359
21.7375 -11.322
21.7375 -11.285
21.7375 -11.248
21.7375 -11.2295
21.756 -11.1925
21.7745 -11.1555
21.7745 -11.1555
21.7745 -11.137
21.793 -11.1
21.793 -11.1185
21.8115 -11.1185
21.8115 -11.1
21.83 -11.1
21.8485 -11.1
21.867 -11.0815
21.8855 -11.063
21.8855 -11.0815
21.8855 -11.0815
21.8855 -11.063
21.904 -11.063
21.904 -11.026
21.9225 -11.026
21.941 -11.026
21.9595 -11.026
21.978 -11.0075
21.9965 -10.9705
22.015 -10.952
22.0335 -10.952
22.052 -10.952
22.0705 -10.9335
22.089 -10.9335
22.0705 -10.9335
22.0705 -10.915
22.089 -10.915
22.089 -10.878
22.089 -10.878
22.089 -10.841
22.089 -10.8225
22.0705 -10.8225
22.0705 -10.804
22.0705 -10.804
22.0705 -10.804
22.0705 -10.8225
22.052 -10.8595
22.052 -10.915
22.0335 -10.952
22.0335 -10.952
22.015 -10.9705
22.015 -11.0075
22.015 -11.0075
22.015 -11.0075
22.015 -11.0445
22.015 -11.026
21.9965 -11.026
21.9965 -11.0075
22.015 -11.0075
22.015 -11.0075
22.015 -10.989
21.9965 -10.9705
21.9965 -10.9705
21.9965 -10.952
21.9965 -10.952
21.9965 -10.952
21.9965 -10.952
21.9965 -10.952
21.9965 -10.9335
22.015 -10.915
22.015 -10.915
22.0335 -10.8965
22.0335 -10.915
22.0335 -10.9335
22.0335 -10.915
22.052 -10.915
22.052 -10.915
22.052 -10.9335
22.052 -10.9335
22.052 -10.9335
22.0705 -10.8965
22.089 -10.8965
22.089 -10.878
22.1075 -10.878
22.126 -10.8595
22.126 -10.8595
22.1445 -10.841
22.1445 -10.8595
22.1445 -10.878
22.1445 -10.8965
22.1445 -10.878
22.163 -10.8595
22.163 -10.878
22.1815 -10.878
22.1815 -10.878
22.1815 -10.8965
22.1815 -10.915
22.1815 -10.9335
22.1815 -10.8965
22.2 -10.878
22.2 -10.878
22.2185 -10.8595
22.2185 -10.8595
22.2185 -10.841
22.237 -10.841
22.2555 -10.8225
22.2925 -10.804
22.311 -10.804
22.3295 -10.8225
22.348 -10.8225
22.348 -10.841
22.3665 -10.8595
22.385 -10.8595
22.4035 -10.878
22.4035 -10.8595
22.422 -10.878
22.4405 -10.841
22.4405 -10.841
22.459 -10.841
22.4775 -10.841
22.496 -10.8595
22.533 -10.915
22.533 -10.915
22.57 -10.952
22.57 -10.952
22.5885 -10.952
22.57 -10.952
22.57 -10.952
22.57 -10.952
22.5515 -10.952
22.533 -10.989
22.533 -11.0075
22.5145 -10.989
22.5145 -10.9705
22.5145 -10.952
22.496 -10.9335
22.496 -10.915
22.4775 -10.8965
22.459 -10.878
22.4405 -10.8595
22.4405 -10.841
22.422 -10.8225
22.4035 -10.8225
22.385 -10.804
22.3665 -10.767
22.348 -10.767
22.3295 -10.7855
22.311 -10.7855
22.2925 -10.7855
22.2925 -10.804
22.274 -10.804
22.2555 -10.8225
22.2555 -10.8225
22.2555 -10.8225
22.2555 -10.804
22.2555 -10.8225
22.237 -10.8225
22.237 -10.804
22.237 -10.804
22.237 -10.804
22.237 -10.8225
22.237 -10.841
22.2185 -10.841
22.2185 -10.841
22.2185 -10.8225
22.2185 -10.8225
22.2 -10.8225
22.2 -10.8225
22.1815 -10.8595
22.1815 -10.8595
22.1815 -10.8595
22.1815 -10.878
22.163 -10.8965
22.163 -10.915
22.163 -10.9335
22.163 -10.952
22.1445 -10.952
22.1445 -10.952
22.1445 -10.952
22.1445 -10.952
22.1445 -10.9335
22.1445 -10.9335
22.1445 -10.952
22.126 -10.989
22.126 -10.989
22.126 -11.026
22.1445 -11.026
22.163 -11.0815
22.1815 -11.1
22.1815 -11.1
22.1815 -11.1
22.1815 -11.0815
22.1815 -11.063
22.1815 -11.063
22.2 -11.0445
22.237 -11.063
22.2555 -11.1
22.274 -11.1
22.2925 -11.137
22.311 -11.137
22.311 -11.1555
22.311 -11.174
22.311 -11.211
22.311 -11.2295
22.3295 -11.2295
22.3295 -11.2665
22.348 -11.2665
22.348 -11.248
22.348 -11.2295
22.348 -11.2295
22.348 -11.2295
22.348 -11.2295
22.348 -11.211
22.348 -11.1925
22.3665 -11.2295
22.385 -11.248
22.385 -11.248
22.4035 -11.248
22.4035 -11.248
22.422 -11.248
22.422 -11.248
22.4405 -11.248
22.459 -11.248
22.459 -11.2665
22.459 -11.2665
22.459 -11.2665
22.4775 -11.2665
22.496 -11.2665
22.496 -11.2665
22.533 -11.285
22.533 -11.2665
22.533 -11.2665
22.533 -11.2665
22.5515 -11.2665
22.5515 -11.2665
22.57 -11.2665
22.5885 -11.2665
22.607 -11.2665
22.6255 -11.285
22.644 -11.285
22.644 -11.3035
22.6625 -11.322
22.681 -11.3405
22.718 -11.359
22.718 -11.359
22.755 -11.396
22.7735 -11.4145
22.8105 -11.4145
22.829 -11.4145
22.829 -11.4145
22.8475 -11.4145
22.866 -11.433
22.903 -11.433
22.9215 -11.4515
22.94 -11.433
22.9585 -11.4515
22.977 -11.47
22.9955 -11.507
22.9955 -11.544
22.9955 -11.544
22.9955 -11.5625
22.9955 -11.5625
23.0325 -11.581
23.051 -11.5995
23.051 -11.618
23.0695 -11.6365
23.0695 -11.655
23.1065 -11.6735
23.1435 -11.7105
23.162 -11.7475
23.162 -11.7845
23.125 -11.729
23.1065 -11.729
23.125 -11.729
23.1435 -11.729
23.125 -11.729
23.1065 -11.729
23.088 -11.766
23.0695 -11.7845
23.088 -11.7845
23.088 -11.803
23.1065 -11.7845
23.088 -11.803
23.1065 -11.8215
23.1065 -11.8215
23.1065 -11.8215
23.1065 -11.84
23.088 -11.8585
23.1065 -11.84
23.125 -11.8585
23.125 -11.8585
23.1065 -11.8585
23.1065 -11.877
23.1065 -11.84
23.1065 -11.84
23.125 -11.8585
23.125 -11.877
23.125 -11.8955
23.125 -11.914
23.1435 -11.9325
23.1435 -11.9325
23.1435 -11.9325
23.1435 -11.914
23.1435 -11.8955
23.162 -11.8585
23.162 -11.8585
23.162 -11.8585
23.162 -11.877
23.1805 -11.8585
23.1805 -11.8585
23.1805 -11.877
23.1805 -11.8955
23.1805 -11.8585
23.162 -11.877
23.162 -11.877
23.1805 -11.8955
23.1805 -11.914
23.1805 -11.9325
23.1805 -11.9695
23.1805 -11.9695
23.1805 -11.9695
23.162 -11.9695
23.1805 -11.951
23.1805 -11.951
23.1805 -11.951
23.162 -11.9325
23.162 -11.914
23.162 -11.914
23.162 -11.914
23.1435 -11.8955
23.125 -11.8955
23.125 -11.8955
23.125 -11.8955
23.125 -11.8955
23.1065 -11.8955
23.1065 -11.877
23.088 -11.877
23.088 -11.8585
23.0695 -11.84
23.051 -11.803
23.014 -11.7845
22.9955 -11.766
22.977 -11.7475
22.977 -11.7475
22.9585 -11.729
22.94 -11.729
22.94 -11.7105
22.9215 -11.7105
22.903 -11.6735
22.8845 -11.655
22.903 -11.655
22.8845 -11.618
22.903 -11.581
22.8845 -11.5255
22.866 -11.4885
22.8845 -11.47
22.866 -11.433
22.8475 -11.396
22.8475 -11.396
22.8475 -11.3775
22.8475 -11.322
22.8475 -11.3035
22.829 -11.285
22.8105 -11.2665
22.792 -11.248
22.755 -11.211
22.7365 -11.211
22.7365 -11.1925
22.6995 -11.174
22.6995 -11.174
22.681 -11.137
22.6625 -11.137
22.681 -11.1185
22.6625 -11.1185
22.6625 -11.1925
22.6625 -11.174
22.644 -11.1555
22.6255 -11.137
22.57 -11.0815
22.57 -11.063
22.57 -11.0445
22.5515 -11.063
22.533 -11.063
22.5515 -11.063
22.5515 -11.063
22.5515 -11.0445
22.57 -11.0445
22.5885 -11.026
22.57 -11.0075
22.57 -10.9705
22.57 -10.989
22.5885 -11.0075
22.607 -11.026
22.607 -11.0815
22.6255 -11.137
22.644 -11.174
22.6625 -11.211
22.681 -11.248
22.718 -11.2665
22.718 -11.2665
22.755 -11.2665
22.7735 -11.2665
22.792 -11.248
22.8105 -11.2665
22.829 -11.2665
22.8475 -11.2665
22.866 -11.285
22.8845 -11.285
22.903 -11.285
22.9215 -11.285
22.94 -11.285
22.9585 -11.285
22.9585 -11.285
22.977 -11.2665
22.977 -11.2665
22.977 -11.248
22.977 -11.2665
22.977 -11.2665
22.977 -11.285
22.9585 -11.285
22.9585 -11.3035
22.9585 -11.3035
22.977 -11.322
22.977 -11.3405
22.977 -11.3405
22.977 -11.3405
22.9955 -11.3405
22.9955 -11.3405
22.9955 -11.322
22.977 -11.322
22.977 -11.285
22.977 -11.285
22.9585 -11.248
22.9585 -11.248
22.9585 -11.2295
22.9585 -11.248
22.9585 -11.2665
22.9585 -11.2665
22.94 -11.2665
22.9215 -11.285
22.903 -11.285
22.8845 -11.2665
22.866 -11.2665
22.8475 -11.2665
22.8105 -11.2665
22.792 -11.2665
22.792 -11.3035
22.7735 -11.3035
22.755 -11.3035
22.7365 -11.3035
22.718 -11.3035
22.718 -11.322
22.718 -11.3035
22.718 -11.322
22.718 -11.3035
22.718 -11.322
22.7365 -11.3405
22.7365 -11.359
22.7365 -11.359
22.7365 -11.3775
22.7365 -11.396
22.7365 -11.4145
22.7365 -11.433
22.755 -11.433
22.755 -11.433
22.755 -11.4515
22.755 -11.47
22.755 -11.47
22.755 -11.47
22.755 -11.4885
22.7735 -11.47
22.7735 -11.47
22.755 -11.47
22.755 -11.4885
22.755 -11.507
22.755 -11.5255
22.755 -11.5625
22.755 -11.5995
22.755 -11.618
22.755 -11.6735
22.755 -11.692
22.755 -11.729
22.7365 -11.7845
22.7365 -11.8215
22.7365 -11.803
22.718 -11.8215
22.6995 -11.84
22.681 -11.8215
22.6625 -11.8215
22.6255 -11.8215
22.6255 -11.803
22.607 -11.7845
22.57 -11.803
22.533 -11.8215
22.5145 -11.8585
22.4775 -11.914
22.4405 -11.951
22.4035 -11.988
22.385 -12.025
22.348 -12.062
22.311 -12.0805
22.2925 -12.0805
22.274 -12.099
22.274 -12.136
22.2555 -12.1545
22.237 -12.173
22.237 -12.21
22.2185 -12.247
22.2 -12.2655
22.1815 -12.3025
22.1815 -12.321
22.163 -12.358
22.1445 -12.3765
22.1445 -12.395
22.1445 -12.432
22.126 -12.4505
22.126 -12.469
22.1445 -12.4875
22.1445 -12.469
22.1815 -12.4505
22.2 -12.432
22.2 -12.432
22.2 -12.4135
22.2 -12.395
22.2185 -12.358
22.237 -12.3395
22.237 -12.321
22.237 -12.321
22.2555 -12.3025
22.274 -12.2655
22.311 -12.247
22.3295 -12.247
22.311 -12.2285
22.311 -12.2285
22.311 -12.2285
22.311 -12.21
22.311 -12.1915
22.311 -12.1545
22.311 -12.136
22.311 -12.099
22.3295 -12.0805
22.3295 -12.062
22.3295 -12.062
22.348 -12.0435
22.3295 -12.0435
22.3295 -12.025
22.3295 -12.025
22.311 -12.0065
22.311 -11.988
22.2925 -11.988
22.274 -11.988
22.2555 -11.9695
22.2555 -11.951
22.2555 -11.951
22.237 -11.9695
22.237 -11.988
22.237 -11.988
22.237 -11.988
22.2185 -12.0065
22.2185 -12.025
22.2185 -12.0435
22.2185 -12.0435
22.2 -12.062
22.2 -12.0805
22.2 -12.0805
22.2 -12.0805
22.2185 -12.099
22.2 -12.099
22.2 -12.099
22.1815 -12.0805
22.163 -12.0805
22.1445 -12.062
22.089 -12.025
22.052 -12.0065
22.015 -11.988
21.978 -11.951
21.941 -11.914
21.9225 -11.8585
21.9225 -11.8215
21.9225 -11.803
21.9225 -11.803
21.9225 -11.803
21.904 -11.803
21.904 -11.803
21.904 -11.7845
21.904 -11.7475
21.8855 -11.7105
21.8855 -11.6735
21.8855 -11.6365
21.904 -11.5995
21.904 -11.581
21.904 -11.5625
21.904 -11.5625
21.8855 -11.5625
21.8855 -11.5625
21.8855 -11.5625
21.904 -11.544
21.8485 -11.4515
21.6635 -11.211
21.5155 -11.1555
21.497 -11.211
21.5525 -11.2295
21.46 -11.174
21.386 -11.1925
21.164 -11.211
21.2195 -11.359
21.608 -11.396
21.719 -11.3775
21.7005 -11.396
21.7005 -11.396
21.682 -11.359
21.682 -11.3405
21.682 -11.359
21.682 -11.3775
21.7005 -11.3775
21.7005 -11.396
21.682 -11.3775
21.682 -11.3775
21.682 -11.3775
21.682 -11.396
21.682 -11.396
21.6635 -11.4145
21.6635 -11.433
21.6635 -11.433
21.682 -11.433
21.682 -11.4145
21.682 -11.4145
21.7005 -11.396
21.719 -11.396
21.7375 -11.396
21.756 -11.3775
21.7745 -11.3405
21.793 -11.322
21.8115 -11.3035
21.83 -11.285
21.867 -11.285
21.904 -11.285
21.978 -11.248
22.015 -11.2295
22.052 -11.211
22.0705 -11.2295
22.0705 -11.2295
22.0705 -11.1925
22.089 -11.1555
22.126 -11.1555
22.126 -11.1185
22.163 -11.0815
22.1815 -11.063
22.1815 -11.0445
22.237 -11.0075
22.274 -10.989
22.274 -10.9705
22.2925 -10.952
22.2925 -10.952
22.311 -10.952
22.3295 -10.952
22.311 -10.952
22.2925 -10.9705
22.2925 -10.989
22.274 -11.0445
22.2925 -11.1
22.311 -11.1185
22.311 -11.1185
22.2925 -11.1185
22.1075 -11.174
22.0705 -11.211
22.052 -11.211
22.0335 -11.174
22.052 -11.433
22.0705 -11.507
22.089 -11.47
22.089 -11.4515
22.126 -11.4885
22.2555 -11.507
22.2925 -11.5625
22.2925 -11.5995
22.311 -11.6365
22.348 -11.692
22.3665 -11.7845
22.3665 -11.8585
22.385 -11.877
22.348 -11.914
22.3665 -11.951
22.3665 -11.9695
22.385 -11.951
22.4035 -11.9695
22.422 -11.988
22.422 -11.988
22.422 -11.951
22.422 -11.9325
22.4405 -11.8955
22.4405 -11.8585
22.459 -11.8585
22.4775 -11.84
22.496 -11.84
22.496 -11.8215
22.5145 -11.8215
22.3665 -11.7105
22.348 -11.6365
22.3665 -11.6365
22.385 -11.5995
22.3665 -11.581
22.3665 -11.5625
22.163 -11.544
22.0705 -11.5625
22.1075 -11.507
22.2185 -11.5255
22.2555 -11.5625
22.274 -11.5995
22.274 -11.618
22.274 -11.655
22.274 -11.655
22.274 -11.6365
22.274 -11.655
22.274 -11.655
22.274 -11.6365
22.2925 -11.655
22.311 -11.6735
22.385 -11.6365
22.4035 -11.618
22.4035 -11.5995
22.4035 -11.5995
22.385 -11.581
22.4035 -11.5625
22.4035 -11.544
22.4405 -11.544
22.4405 -11.544
22.459 -11.544
22.496 -11.5625
22.5145 -11.544
22.533 -11.5255
22.5515 -11.4885
22.5515 -11.47
22.57 -11.47
22.57 -11.47
22.57 -11.4515
22.5515 -11.433
22.57 -11.433
22.57 -11.433
22.5515 -11.4515
22.5515 -11.433
22.5515 -11.396
22.5515 -11.3775
22.5515 -11.359
22.5515 -11.3405
22.533 -11.359
22.533 -11.3405
22.533 -11.3405
22.5145 -11.359
22.5145 -11.359
22.5145 -11.3775
22.496 -11.4145
22.496 -11.433
22.496 -11.433
22.496 -11.47
22.459 -11.47
22.459 -11.507
22.459 -11.507
22.459 -11.544
22.459 -11.544
22.459 -11.5625
22.459 -11.581
22.4775 -11.618
22.4775 -11.581
22.496 -11.544
22.4775 -11.507
22.4775 -11.47
22.4775 -11.433
22.4775 -11.396
22.4775 -11.3775
22.4775 -11.322
22.459 -11.285
22.459 -11.2665
22.459 -11.211
22.459 -11.211
22.459 -11.1925
22.459 -11.137
22.459 -11.1185
22.459 -11.137
22.459 -11.137
22.4405 -11.1555
22.459 -11.137
22.459 -11.137
22.459 -11.137
22.459 -11.137
22.459 -11.1555
22.4405 -11.1555
22.4405 -11.137
22.459 -11.1555
22.459 -11.1555
22.459 -11.1555
22.4775 -11.137
22.4775 -11.137
22.496 -11.137
22.496 -11.1555
22.496 -11.1555
22.496 -11.174
22.496 -11.174
22.5145 -11.174
22.5145 -11.211
22.496 -11.2295
22.496 -11.285
22.496 -11.3035
22.496 -11.3035
22.496 -11.3035
22.4775 -11.322
22.496 -11.322
22.496 -11.3035
22.5145 -11.3035
22.5145 -11.3035
22.5145 -11.322
22.533 -11.322
22.5515 -11.3405
22.533 -11.359
22.533 -11.3405
22.533 -11.322
22.5145 -11.3035
22.5145 -11.285
22.5145 -11.2665
22.5145 -11.2665
22.5145 -11.248
22.5145 -11.211
22.5145 -11.1925
22.5145 -11.1925
22.533 -11.174
22.533 -11.1555
22.533 -11.137
22.533 -11.1185
22.5515 -11.1
22.5515 -11.1
22.5515 -11.0815
22.5515 -11.063
22.57 -11.0445
22.5515 -11.026
22.5515 -10.989
22.5515 -10.989
22.5515 -10.9705
22.57 -10.9335
22.57 -10.8965
22.57 -10.8595
22.57 -10.8225
22.57 -10.7855
22.57 -10.767
22.57 -10.7485
22.57 -10.7115
22.57 -10.6745
22.5515 -10.6375
22.57 -10.6005
22.57 -10.5635
22.57 -10.5265
22.5885 -10.4895
22.5885 -10.4525
22.5885 -10.434
22.607 -10.397
22.607 -10.36
22.607 -10.3415
22.607 -10.3045
22.6255 -10.3045
22.6255 -10.2675
22.644 -10.2305
22.644 -10.212
22.6625 -10.175
22.6625 -10.1565
22.6625 -10.1195
22.681 -10.0825
22.6625 -10.027
22.681 -10.0085
22.6625 -9.9715
22.6625 -9.953
22.6625 -9.916
22.6625 -9.879
22.6625 -9.8605
22.6625 -9.842
22.6625 -9.8235
22.6625 -9.8235
22.681 -9.768
22.6995 -9.7125
22.718 -9.657
22.7365 -9.583
22.755 -9.546
22.7735 -9.4905
22.792 -9.472
22.792 -9.435
22.8105 -9.398
22.829 -9.398
22.8475 -9.361
22.866 -9.324
22.8845 -9.3055
22.8845 -9.2685
22.903 -9.2685
22.9215 -9.25
22.94 -9.213
22.9585 -9.1945
22.9955 -9.176
22.9955 -9.1575
22.9955 -9.139
22.9955 -9.1205
22.9955 -9.102
22.9955 -9.102
22.9955 -9.0835
22.9955 -9.0835
22.9955 -9.065
22.977 -9.0465
22.977 -9.0465
22.977 -9.028
22.977 -9.0095
22.977 -8.991
22.977 -8.954
22.977 -8.9355
22.977 -8.917
22.977 -8.8985
22.9955 -8.8985
22.9955 -8.8985
23.014 -8.8985
23.014 -8.8985
23.0325 -8.88
23.051 -8.8615
23.0695 -8.8615
23.0695 -8.8615
23.0695 -8.843
23.088 -8.843
23.088 -8.843
23.088 -8.843
23.088 -8.843
23.088 -8.843
23.088 -8.843
23.088 -8.8245
23.088 -8.806
23.1065 -8.7875
23.1065 -8.7875
23.1065 -8.7875
23.1065 -8.7505
23.1065 -8.7505
23.1065 -8.732
23.1065 -8.732
23.1065 -8.732
23.1065 -8.732
23.125 -8.7135
23.125 -8.695
23.125 -8.6765
23.125 -8.658
23.1065 -8.6395
23.1065 -8.621
23.088 -8.621
23.088 -8.6025
23.088 -8.584
23.088 -8.5655
23.088 -8.5655
23.0695 -8.547
23.0695 -8.5285
23.0695 -8.4915
23.088 -8.4915
23.0695 -8.473
23.0695 -8.4545
23.0695 -8.4545
23.0695 -8.436
23.0695 -8.4545
23.0695 -8.436
23.0695 -8.399
23.0695 -8.3805
23.088 -8.362
23.088 -8.3435
23.1065 -8.3065
23.1065 -8.3065
23.125 -8.288
23.125 -8.288
23.1435 -8.3065
23.1435 -8.2695
23.162 -8.251
23.162 -8.251
23.1805 -8.2325
23.1805 -8.251
23.199 -8.214
23.2175 -8.214
23.2175 -8.1955
23.236 -8.1955
23.2545 -8.1955
23.2545 -8.1955
23.273 -8.177
23.273 -8.177
23.2915 -8.1955
23.2915 -8.214
23.31 -8.214
23.31 -8.214
23.3285 -8.214
23.3285 -8.2325
23.347 -8.251
23.3655 -8.2325
23.4025 -8.2325
23.421 -8.2325
23.4395 -8.251
23.458 -8.2695
23.458 -8.288
23.458 -8.3065
23.4765 -8.325
23.4765 -8.325
23.458 -8.325
23.4395 -8.3435
23.421 -8.3435
23.421 -8.325
23.421 -8.325
23.4025 -8.3065
23.384 -8.288
23.384 -8.288
23.3655 -8.288
23.3655 -8.288
23.347 -8.3065
23.347 -8.325
23.347 -8.3065
23.347 -8.3065
23.347 -8.3065
23.3285 -8.325
23.3285 -8.325
23.3285 -8.325
23.3285 -8.325
23.3285 -8.325
23.31 -8.3065
23.2915 -8.3065
23.2915 -8.3065
23.2915 -8.3065
23.2915 -8.288
23.2915 -8.288
23.2915 -8.2695
23.273 -8.2695
23.2545 -8.2695
23.236 -8.251
23.236 -8.251
23.236 -8.251
23.236 -8.2325
23.2175 -8.2325
23.2175 -8.251
23.2175 -8.251
23.236 -8.2325
23.236 -8.2325
23.2545 -8.251
23.2545 -8.2695
23.2545 -8.288
23.2545 -8.3065
23.273 -8.3065
23.273 -8.325
23.31 -8.325
23.31 -8.325
23.31 -8.325
23.3285 -8.325
23.3285 -8.3435
23.3285 -8.362
23.3285 -8.362
23.3285 -8.325
23.3285 -8.3065
23.31 -8.288
23.31 -8.3065
23.31 -8.3435
23.3285 -8.362
23.3285 -8.3805
23.3285 -8.3805
23.3285 -8.3805
23.3285 -8.362
23.3285 -8.362
23.3285 -8.362
23.3285 -8.362
23.3285 -8.3805
23.347 -8.362
23.347 -8.362
23.347 -8.3435
23.3655 -8.3435
23.3655 -8.3435
23.3655 -8.3805
23.3655 -8.3805
23.384 -8.3805
23.384 -8.3805
23.4025 -8.362
23.4025 -8.362
23.421 -8.362
23.421 -8.325
23.421 -8.3065
23.421 -8.3065
23.4395 -8.3065
23.4395 -8.288
23.4395 -8.288
23.458 -8.288
23.458 -8.3065
23.458 -8.325
23.4395 -8.3065
23.4395 -8.288
23.4395 -8.288
23.4395 -8.288
23.458 -8.288
23.458 -8.2695
23.458 -8.251
23.4765 -8.2325
23.458 -8.2325
23.458 -8.251
23.4765 -8.2325
23.4765 -8.2325
23.458 -8.2325
23.495 -8.214
23.5135 -8.214
23.5135 -8.1955
23.495 -8.177
23.495 -8.1585
23.495 -8.1585
23.4765 -8.1585
23.4765 -8.14
23.495 -8.14
23.4765 -8.103
23.495 -8.0845
23.495 -8.0475
23.495 -8.029
23.4765 -7.992
23.495 -7.955
23.495 -7.918
23.495 -7.8995
23.495 -7.881
23.495 -7.881
23.5135 -7.8625
23.5135 -7.8255
23.5135 -7.7885
23.5135 -7.733
23.5135 -7.7145
23.5135 -7.696
23.5135 -7.6775
23.5135 -7.659
23.5135 -7.6405
23.5135 -7.6405
23.5135 -7.6405
23.495 -7.6405
23.495 -7.6405
23.495 -7.6405
23.495 -7.6405
23.495 -7.6405
23.495 -7.659
23.4765 -7.659
23.4765 -7.659
23.458 -7.659
23.458 -7.659
23.458 -7.659
23.458 -7.659
23.4765 -7.659
23.4765 -7.696
23.4765 -7.696
23.4765 -7.696
23.014 -8.51
22.9955 -8.5285
22.9955 -8.5285
22.9955 -8.5285
22.9955 -8.547
22.9955 -8.547
22.9955 -8.5655
22.9955 -8.5655
22.9955 -8.584
23.014 -8.584
23.014 -8.584
23.014 -8.584
23.014 -8.584
23.0325 -8.6025
23.014 -8.6025
23.0325 -8.621
23.0325 -8.621
23.0325 -8.621
23.0325 -8.621
23.051 -8.621
23.051 -8.6025
23.051 -8.584
23.051 -8.584
23.051 -8.584
23.0695 -8.584
23.0695 -8.5655
23.014 -8.4915
23.014 -8.4915
22.9955 -8.4915
22.977 -8.51
22.977 -8.51
22.977 -8.4915
22.9585 -8.473
22.9585 -8.4545
22.9585 -8.4175
22.94 -8.399
22.9215 -8.3805
22.903 -8.362
22.903 -8.3435
22.8845 -8.325
22.8845 -8.3065
22.866 -8.288
22.866 -8.2695
22.866 -8.251
22.866 -8.251
22.866 -8.251
22.866 -8.251
22.866 -8.251
22.866 -8.2695
22.866 -8.251
22.866 -8.251
22.8475 -8.2325
22.829 -8.2325
22.8105 -8.2325
22.8105 -8.2325
22.8105 -8.251
22.8105 -8.2695
22.8105 -8.288
22.8105 -8.325
22.8105 -8.325
22.792 -8.436
22.792 -8.4545
22.792 -8.473
22.8105 -8.51
22.792 -8.51
22.792 -8.5285
22.7735 -8.5285
22.7735 -8.547
22.7735 -8.584
22.7735 -8.584
22.7735 -8.621
22.7735 -8.6395
22.7735 -8.658
22.7735 -8.6765
22.7735 -8.7135
22.7735 -8.732
22.7735 -8.7505
22.7735 -8.7875
22.7735 -8.769
22.7735 -8.769
22.792 -8.769
22.792 -8.7875
22.792 -8.806
22.792 -8.8245
22.792 -8.8245
22.8105 -8.843
22.829 -8.843
22.829 -8.88
22.8475 -8.8985
22.866 -8.917
22.8845 -8.9355
22.903 -8.954
22.9215 -8.9725
22.94 -8.991
22.9585 -9.0095
22.977 -9.028
22.977 -9.0465
22.9955 -9.065
23.014 -9.0835
23.014 -9.0835
23.014 -9.0835
23.014 -9.102
23.014 -9.102
23.014 -9.1205
23.0325 -9.1205
23.0325 -9.102
23.0325 -9.102
23.051 -9.102
23.051 -9.102
23.051 -9.0835
23.051 -9.0835
23.051 -9.0835
23.051 -9.102
23.0695 -9.0835
23.0695 -9.102
23.0695 -9.102
23.0695 -9.102
23.088 -9.102
23.088 -9.102
23.088 -9.102
23.088 -9.1205
23.088 -9.1205
23.088 -9.102
23.088 -9.102
23.088 -9.102
23.088 -9.102
23.088 -9.1205
23.088 -9.102
23.088 -9.102
23.088 -9.102
23.088 -9.0835
23.088 -9.0835
23.0695 -9.0835
23.0695 -9.0835
23.0695 -9.0835
23.0695 -9.0835
23.0695 -9.0835
23.0695 -9.0835
23.0695 -9.0835
23.0695 -9.0835
23.0695 -9.065
23.0695 -9.065
23.0695 -9.065
23.0695 -9.065
23.0695 -9.065
23.051 -9.0465
23.051 -9.065
23.051 -9.065
23.051 -9.0465
23.0325 -9.0465
23.0325 -9.0465
23.014 -9.0465
23.014 -9.028
22.9955 -9.028
22.9955 -9.028
22.977 -9.028
22.9585 -9.0095
22.94 -9.0095
22.94 -9.0095
22.9215 -8.991
22.9215 -8.9725
22.903 -8.954
22.8845 -8.9355
22.866 -8.917
22.866 -8.8985
22.8475 -8.88
22.8475 -8.8615
22.8475 -8.843
22.8475 -8.8245
22.829 -8.7875
22.829 -8.769
22.829 -8.7505
22.8105 -8.732
22.8105 -8.7135
22.8105 -8.695
22.8105 -8.6765
22.792 -8.658
22.792 -8.6395
22.792 -8.621
22.792 -8.6025
22.792 -8.6025
22.792 -8.584
22.792 -8.584
22.792 -8.5655
22.792 -8.547
22.7735 -8.547
22.7735 -8.5285
22.755 -8.51
22.755 -8.51
22.755 -8.51
22.755 -8.51
22.7365 -8.51
22.7365 -8.51
22.7365 -8.51
22.7365 -8.4915
22.7365 -8.4915
22.718 -8.473
22.718 -8.473
22.6995 -8.4545
22.6995 -8.4545
22.6995 -8.436
22.6995 -8.4175
22.6995 -8.4175
22.718 -8.399
22.718 -8.399
22.718 -8.3805
22.718 -8.3805
22.7365 -8.3805
22.7365 -8.362
22.7365 -8.362
22.7365 -8.3435
22.755 -8.325
22.7735 -8.3065
22.7735 -8.288
22.792 -8.2695
22.792 -8.251
22.8105 -8.214
22.829 -8.1955
22.829 -8.1585
22.8475 -8.1215
22.8475 -8.0845
22.866 -8.0475
22.866 -8.0105
22.8845 -7.992
22.8845 -7.9735
22.8845 -7.9735
22.903 -7.955
22.9215 -7.955
22.9215 -7.9365
22.9215 -7.918
22.9215 -7.8995
22.94 -7.8995
22.94 -7.881
22.9585 -7.881
22.9585 -7.8625
22.977 -7.844
22.9955 -7.844
22.9955 -7.844
23.014 -7.8625
22.9955 -7.881
22.9955 -7.8995
22.9955 -7.918
23.014 -7.955
23.014 -7.9735
23.014 -7.992
22.9955 -8.0105
22.9955 -8.0105
22.9955 -8.029
22.9955 -8.029
22.9955 -8.0475
22.9955 -8.066
22.9955 -8.0845
22.9955 -8.103
22.9955 -8.103
22.9955 -8.1215
23.014 -8.1215
23.014 -8.1215
23.014 -8.14
23.014 -8.14
23.014 -8.1585
23.014 -8.1585
23.014 -8.1585
23.014 -8.177
22.9955 -8.177
22.9955 -8.177
22.9955 -8.177
22.9955 -8.177
22.9955 -8.177
22.977 -8.1955
22.977 -8.1955
22.977 -8.1955
22.9585 -8.214
22.9585 -8.214
22.94 -8.214
22.94 -8.2325
22.94 -8.2325
22.94 -8.214
22.94 -8.214
22.9215 -8.214
22.9215 -8.214
22.9215 -8.214
22.903 -8.214
22.903 -8.214
22.8845 -8.214
22.866 -8.214
22.866 -8.214
22.8475 -8.1955
22.829 -8.214
22.829 -8.2325
22.8105 -8.2325
22.792 -8.251
22.7735 -8.2695
22.755 -8.2695
22.7365 -8.2695
22.7365 -8.288
22.718 -8.3065
22.6995 -8.3065
22.6995 -8.3435
22.681 -8.3435
22.6625 -8.3805
22.6625 -8.399
22.644 -8.399
22.644 -8.4175
22.644 -8.4175
22.644 -8.436
22.6255 -8.4545
22.6255 -8.473
22.607 -8.4915
22.607 -8.5285
22.5885 -8.5655
22.5885 -8.584
22.57 -8.621
22.57 -8.6395
22.4775 -9.213
22.4775 -9.213
22.4775 -9.2315
22.459 -9.2315
22.459 -9.25
22.459 -9.25
22.459 -9.25
22.459 -9.25
22.4405 -9.2685
22.4405 -9.25
22.4405 -9.25
22.4405 -9.25
22.4405 -9.25
22.4405 -9.25
22.422 -9.25
22.422 -9.2685
22.422 -9.2685
22.422 -9.2685
22.4035 -9.2685
22.4035 -9.2685
22.4035 -9.2685
22.4035 -9.2685
22.4035 -9.25
22.4035 -9.25
22.4035 -9.25
22.4035 -9.2685
22.4035 -9.2685
22.385 -9.2685
22.385 -9.2685
22.4035 -9.2685
22.4035 -9.2685
22.4035 -9.2685
22.4035 -9.25
22.4035 -9.2315
22.4035 -9.2315
22.4035 -9.213
22.4035 -9.213
22.4035 -9.1945
22.422 -9.1945
22.422 -9.176
22.422 -9.176
22.422 -9.176
22.422 -9.176
22.422 -9.176
22.4405 -9.176
22.4405 -9.1575
22.422 -9.1575
22.422 -9.1575
22.422 -9.1575
22.422 -9.139
22.422 -9.1575
22.422 -9.139
22.422 -9.1575
22.422 -9.1575
22.422 -9.1575
22.4035 -9.139
22.4035 -9.139
22.4035 -9.139
22.4035 -9.139
22.4035 -9.139
22.4035 -9.139
22.422 -9.139
22.422 -9.1575
22.422 -9.1575
22.4035 -9.139
22.4035 -9.139
22.4035 -9.139
22.4035 -9.139
22.4035 -9.139
22.4035 -9.139
22.4035 -9.1205
22.385 -9.1205
22.385 -9.1205
22.385 -9.1205
22.385 -9.1205
22.385 -9.1205
22.3665 -9.1205
22.3665 -9.1205
22.3665 -9.102
22.3665 -9.102
22.348 -9.1205
22.348 -9.1205
22.348 -9.139
22.348 -9.139
22.348 -9.1575
22.348 -9.1575
22.348 -9.1575
22.3295 -9.1575
22.3295 -9.1575
22.3295 -9.1575
22.3295 -9.1575
22.311 -9.1575
22.311 -9.1575
22.311 -9.1575
22.311 -9.139
22.2925 -9.139
22.2925 -9.139
22.274 -9.1205
22.274 -9.1205
22.274 -9.102
22.274 -9.102
22.2555 -9.102
22.2555 -9.102
22.2555 -9.102
22.2555 -9.0835
22.2555 -9.065
22.2555 -9.0465
22.2555 -9.028
22.274 -9.028
22.274 -9.0465
22.274 -9.065
22.274 -9.065
22.2925 -9.0835
22.2925 -9.102
22.2925 -9.102
22.2925 -9.102
22.2925 -9.102
22.2925 -9.0835
22.2925 -9.0835
22.2925 -9.0835
22.2925 -9.0835
22.2925 -9.065
22.2925 -9.0465
22.2925 -9.028
22.311 -9.0095
22.311 -9.0095
22.311 -8.991
22.311 -8.9725
22.3295 -8.9725
22.3295 -8.954
22.348 -8.954
22.348 -8.954
22.348 -8.9355
22.3665 -8.917
22.385 -8.8985
22.4035 -8.88
22.4035 -8.8615
22.4035 -8.843
22.4035 -8.8245
22.422 -8.806
22.422 -8.806
22.422 -8.7875
22.4405 -8.769
22.4405 -8.732
22.4405 -8.732
22.459 -8.732
22.459 -8.732
22.459 -8.732
22.459 -8.7135
22.459 -8.695
22.459 -8.6765
22.4775 -8.6765
22.4775 -8.6765
22.496 -8.6765
22.496 -8.6765
22.5145 -8.6765
22.5145 -8.658
22.5145 -8.6395
22.5145 -8.6395
22.533 -8.621
22.533 -8.621
22.5515 -8.621
22.57 -8.6395
22.5885 -8.658
22.607 -8.6765
22.6255 -8.6765
22.644 -8.658
22.644 -8.621
22.6625 -8.6025
22.6625 -8.6025
22.6625 -8.584
22.6625 -8.5655
22.644 -8.547
22.644 -8.5285
22.644 -8.51
22.644 -8.4915
22.6255 -8.473
22.6255 -8.473
22.6255 -8.4545
22.6255 -8.436
22.6255 -8.436
22.6255 -8.4175
22.6255 -8.399
22.6255 -8.399
22.607 -8.3805
22.607 -8.3805
22.607 -8.3435
22.607 -8.325
22.607 -8.3065
22.5885 -8.2695
22.5885 -8.2325
22.57 -8.1955
22.57 -8.177
22.5515 -8.1585
22.5515 -8.14
22.5515 -8.103
22.57 -8.0845
22.57 -8.0475
22.5885 -8.029
22.5885 -7.992
22.607 -7.9735
22.607 -7.955
22.6255 -7.9365
22.6255 -7.918
22.644 -7.881
22.644 -7.8625
22.644 -7.8255
22.644 -7.807
22.6625 -7.77
22.6625 -7.7515
22.681 -7.7145
22.6995 -7.696
22.718 -7.6775
22.7365 -7.696
22.755 -7.7145
22.7735 -7.733
22.8105 -7.7515
22.829 -7.77
22.8475 -7.7515
22.8475 -7.733
22.8475 -7.733
22.866 -7.7145
22.866 -7.696
22.866 -7.659
22.866 -7.6405
22.8845 -7.6035
22.8845 -7.585
22.8845 -7.585
22.903 -7.5665
22.903 -7.548
22.903 -7.5295
22.9215 -7.4925
22.9215 -7.4925
22.9215 -7.474
22.9215 -7.4555
22.9215 -7.437
22.9215 -7.437
22.94 -7.4185
22.94 -7.4185
22.94 -7.4
22.9585 -7.3815
22.9585 -7.3815
22.9585 -7.3815
22.9585 -7.3815
22.9585 -7.363
22.9585 -7.363
22.9585 -7.363
22.9585 -7.363
22.977 -7.363
22.9585 -7.363
22.9585 -7.363
22.9585 -7.3445
22.977 -7.3445
22.977 -7.3445
22.977 -7.3445
22.9955 -7.363
22.9955 -7.363
22.9955 -7.363
23.014 -7.3815
23.014 -7.3815
23.014 -7.3815
23.0325 -7.3815
23.0325 -7.3815
23.0325 -7.4
23.0325 -7.4185
23.051 -7.437
23.051 -7.4555
23.051 -7.437
23.0325 -7.437
23.0325 -7.437
23.014 -7.4185
23.014 -7.4185
22.9955 -7.4185
22.9955 -7.4
22.9955 -7.4
22.9955 -7.4
22.977 -7.4
22.977 -7.4
22.94 -7.363
22.94 -7.3445
22.9215 -7.3445
22.9215 -7.3445
22.903 -7.3445
22.903 -7.3445
22.8845 -7.3445
22.866 -7.3445
22.866 -7.326
22.8475 -7.326
22.829 -7.326
22.8105 -7.326
22.792 -7.3075
22.792 -7.3075
22.7735 -7.289
22.7735 -7.289
22.755 -7.2705
22.755 -7.2705
22.755 -7.252
22.7365 -7.252
22.7365 -7.252
22.718 -7.252
22.718 -7.2335
22.718 -7.2335
22.718 -7.2335
22.718 -7.2335
22.718 -7.215
22.718 -7.215
22.718 -7.215
22.718 -7.215
22.6995 -7.215
22.6995 -7.215
22.6995 -7.1965
22.6995 -7.1965
22.681 -7.1965
23.754 -8.3435
23.754 -8.362
23.7355 -8.3805
23.754 -8.399
23.7355 -8.399
23.7355 -8.4175
23.7355 -8.4175
23.7355 -8.399
23.7355 -8.3805
23.7355 -8.362
23.7355 -8.3435
23.717 -8.325
23.717 -8.325
23.717 -8.325
23.717 -8.3065
23.717 -8.3065
23.6985 -8.288
23.68 -8.288
23.6615 -8.2695
23.6615 -8.251
23.6615 -8.2325
23.6615 -8.2325
23.6615 -8.2325
23.643 -8.214
23.643 -8.1955
23.6245 -8.1955
23.606 -8.1955
23.606 -8.1955
23.606 -8.1955
23.606 -8.1955
23.606 -8.1955
23.6245 -8.1955
23.6245 -8.1955
23.6245 -8.1955
23.606 -8.177
23.606 -8.1585
23.606 -8.14
23.606 -8.14
23.606 -8.1215
23.606 -8.1215
23.606 -8.1215
23.606 -8.103
23.606 -8.103
23.606 -8.103
23.606 -8.0845
23.606 -8.066
23.606 -8.0475
23.606 -8.0475
23.606 -8.029
23.606 -8.0105
23.606 -8.0105
23.606 -8.0105
23.6245 -8.0105
23.6245 -8.0105
23.6245 -8.0105
23.6245 -8.0105
23.6245 -8.029
23.6245 -8.029
23.643 -8.029
23.6245 -8.029
23.6245 -8.029
23.6245 -8.0105
23.606 -8.0105
23.606 -7.992
23.606 -7.992
23.5875 -7.992
23.5875 -7.9735
23.569 -7.9735
23.569 -7.9735
23.5505 -7.955
23.5505 -7.955
23.5135 -7.918
23.5135 -7.918
23.495 -7.918
23.4765 -7.8995
23.4765 -7.8995
23.458 -7.881
23.4395 -7.8625
23.4395 -7.844
23.421 -7.8255
23.4025 -7.807
23.384 -7.7885
23.384 -7.77
23.3655 -7.77
23.3655 -7.7515
23.347 -7.733
23.347 -7.7145
23.347 -7.7145
23.3285 -7.696
23.3285 -7.6775
23.31 -7.6775
23.31 -7.6775
23.31 -7.659
23.31 -7.659
23.31 -7.6405
23.31 -7.6405
23.2915 -7.622
23.2915 -7.622
23.31 -7.6035
23.2915 -7.585
23.2915 -7.5665
23.2915 -7.5665
23.273 -7.548
23.2915 -7.5295
23.2915 -7.511
23.273 -7.4925
23.273 -7.474
23.2545 -7.474
23.236 -7.474
23.236 -7.4555
23.236 -7.437
23.236 -7.437
23.2175 -7.437
23.2175 -7.4185
