-6.5675 -5.7535
-6.5675 -5.7535
-6.5675 -5.7165
-6.586 -5.5315
-6.586 -5.1615
-6.586 -4.847
-6.6045 -4.477
-6.6045 -4.107
-6.6045 -3.7185
-6.6045 -3.404
-6.6045 -3.0525
-6.586 -2.6825
-6.586 -2.2755
-6.586 -1.887
-6.6045 -1.4985
-6.623 -1.036
-6.6045 -0.5735
-6.586 -0.0925
-6.5675 0.407
-6.512 0.9435
-6.512 1.517
-6.4935 2.0905
-6.438 2.664
-6.438 3.2745
-6.4565 3.922
-6.475 4.6065
-6.4935 5.2355
-6.438 5.8645
-6.438 6.5305
-6.4195 7.1965
-6.4195 7.8255
-6.4565 8.473
-6.4565 9.1945
-6.438 9.953
-6.401 10.619
-6.475 11.2295
-6.6415 11.9325
-6.808 12.4505
-6.919 12.987
-7.0485 13.616
-7.104 14.2265
-7.1595 14.874
-7.2335 15.503
-7.3075 16.169
-7.326 16.8165
-7.252 17.4455
-7.215 18.1115
-7.1225 18.759
-7.0485 19.3695
-7.0855 19.98
-7.1225 20.6275
-7.1225 21.2935
-7.0855 21.9595
-6.919 22.57
-6.6785 23.199
-6.4195 23.8095
-6.0125 24.3275
-5.6055 24.901
-5.5315 25.0675
-5.365 25.2525
-4.847 25.5485
-4.2735 26.122
-3.7 26.4365
-3.1265 26.492
-2.59 26.566
-2.2385 26.64
-2.109 26.714
